2 + 2 

ans =

     4

x = 2 + 2

x =

     4

y = 2^2 + log(pi) * sin(x)

y =

    3.1337

theta = acos(-1)

theta =

    3.1416

format short e 
theta

theta =

   3.1416e+00

formal long 
{Undefined function or variable 'formal'.
} 
format long
theta

theta =

   3.141592653589793

2^5/(2^5 - 1)

ans =

   1.032258064516129

3 * sqrt(5) - 1/(sqrt(5) + 1)^2 - 1

ans =

   5.612712429686843

area = pi * r^2
{Undefined function or variable 'r'.
} 
r = pi^1/3 - 1

r =

   0.047197551196598

area = pi * r^2

area =

   0.006998239563534

r = pi^(1/3) - 1

r =

   0.464591887561523

area = pi * r^2

area =

   0.678099020346955

pyversion

       version: ''
    executable: ''
       library: ''
          home: ''
      isloaded: 0

pyversion /usr/local/opt/pyenv/shims/python
2 * 2 * 2/2

ans =

     4

2 * 2/2 * 2

ans =

     4

exp(3)

ans =

  20.085536923187668

log(exp(3))

ans =

     3

log10(10^5(
 log10(10^5(
           
{Error: Invalid expression. When calling a function or indexing a variable, use parentheses. Otherwise, check for mismatched delimiters.
} 
log10(10^5)

ans =

     5

exp(pi * sqrt(163))

ans =

     2.625374126407683e+17

diary off
3 * (sqrt(5) - 1)/(sqrt(5) + 1)^2 - 1

ans =

  -0.645898033750316

diary off
ls
diary

diary off
ls
diary

type diary
'diary' is a built-in function.
ls
lesson02

type lesson02

2 + 2 

ans =

     4

x = 2 + 2

x =

     4

y = 2^2 + log(pi) * sin(x)

y =

    3.1337

theta = acos(-1)

theta =

    3.1416

format short e 
theta

theta =

   3.1416e+00

formal long 
{Undefined function or variable 'formal'.
} 
format long
theta

theta =

   3.141592653589793

2^5/(2^5 - 1)

ans =

   1.032258064516129

3 * sqrt(5) - 1/(sqrt(5) + 1)^2 - 1

ans =

   5.612712429686843

area = pi * r^2
{Undefined function or variable 'r'.
} 
r = pi^1/3 - 1

r =

   0.047197551196598

area = pi * r^2

area =

   0.006998239563534

r = pi^(1/3) - 1

r =

   0.464591887561523

area = pi * r^2

area =

   0.678099020346955

pyversion

       version: ''
    executable: ''
       library: ''
          home: ''
      isloaded: 0

pyversion /usr/local/opt/pyenv/shims/python
2 * 2 * 2/2

ans =

     4

2 * 2/2 * 2

ans =

     4

exp(3)

ans =

  20.085536923187668

log(exp(3))

ans =

     3

log10(10^5(
 log10(10^5(
           
{Error: Invalid expression. When calling a function or indexing a variable, use parentheses. Otherwise, check for mismatched delimiters.
} 
log10(10^5)

ans =

     5

exp(pi * sqrt(163))

ans =

     2.625374126407683e+17

diary off
3 * (sqrt(5) - 1)/(sqrt(5) + 1)^2 - 1

ans =

  -0.645898033750316

diary off
ls
diary

diary off
ls
lesson02

mv lesson02 lesson01
{Undefined function or variable 'mv'.
} 
help owd
--- help for <strong>pwd</strong> ---

 <strong>pwd</strong> Show (print) current working directory.
    <strong>pwd</strong>  displays the current working directory.
 
    S = <strong>pwd</strong> returns the current directory in the string S.
 
    See also <a href="matlab:help cd">cd</a>.

    <a href="matlab:doc pwd">Reference page for pwd</a>

help cd
 <strong>cd</strong>     Change current working directory.
    <strong>cd</strong> directory-spec sets the current directory to the one specified.
    <strong>cd</strong> .. moves to the directory above the current one.
    <strong>cd</strong>, by itself, prints out the current directory.
 
    WD = <strong>cd</strong> returns the current directory as a character vector.
 
    Use the functional form of <strong>cd</strong>, such as <strong>cd</strong>('directory-spec'),
    when the directory specification is stored as text.
 
    See also <a href="matlab:help pwd">pwd</a>.

    <a href="matlab:doc cd">Reference page for cd</a>
    <a href="matlab:matlab.internal.language.introspective.overloads.displayOverloads('cd')">Other functions named cd</a>

doc cd
movefile lesson02 lesson01
ls
lesson01

diary lesson02
