x = [1 2 3]

x =

     1     2     3

y = [2; 1; 5]

y =

     2
     1
     5

z = [2 1 0];
a = x + z

a =

     3     3     3

b = x + y

b =

     3     4     5
     2     3     4
     6     7     8

a = x.*z

a =

     2     2     0

b = 2*a

b =

     4     4     0

x = linspace(0, 10, 5)

x =

         0    2.5000    5.0000    7.5000   10.0000

y = sin(x)

y =

         0    0.5985   -0.9589    0.9380   -0.5440

z = sqrt(x).^y

z =

    1.0000    1.3155    0.4622    2.5728    0.5346

x = [0, 1.5, 3, 4, 5, 7, 9, 10]

x =

         0    1.5000    3.0000    4.0000    5.0000    7.0000    9.0000   10.0000

m = 0.5

m =

    0.5000

c = -2 

c =

    -2

y = m*x + c

y =

   -2.0000   -1.2500   -0.5000         0    0.5000    1.5000    2.5000    3.0000

t = linspace(1, 10, 10)

t =

     1     2     3     4     5     6     7     8     9    10

x = t.*sin(t)

x =

    0.8415    1.8186    0.4234   -3.0272   -4.7946   -1.6765    4.5989    7.9149    3.7091   -5.4402

y = (t-1)/(t+1)

y =

    0.7426

y = (t-1)./(t+1)

y =

         0    0.3333    0.5000    0.6000    0.6667    0.7143    0.7500    0.7778    0.8000    0.8182

theta = [0; pi/4; pi/2; 3*pi/4; pi; 5*pi/4]

theta =

         0
    0.7854
    1.5708
    2.3562
    3.1416
    3.9270

r = 2 

r =

     2

x = r * sin(theta)

x =

         0
    1.4142
    2.0000
    1.4142
    0.0000
   -1.4142

x = r * cos(theta)

x =

    2.0000
    1.4142
    0.0000
   -1.4142
   -2.0000
   -1.4142

y = r * sin(theta)

y =

         0
    1.4142
    2.0000
    1.4142
    0.0000
   -1.4142

r = sqrt(x.^2 + y.^2)

r =

     2
     2
     2
     2
     2
     2

v = 0:0.2:12;
size(v)

ans =

     1    61

M = [sin(v); cos(v)]

M =

  Columns 1 through 17

         0    0.1987    0.3894    0.5646    0.7174    0.8415    0.9320    0.9854    0.9996    0.9738    0.9093    0.8085    0.6755    0.5155    0.3350    0.1411   -0.0584
    1.0000    0.9801    0.9211    0.8253    0.6967    0.5403    0.3624    0.1700   -0.0292   -0.2272   -0.4161   -0.5885   -0.7374   -0.8569   -0.9422   -0.9900   -0.9983

  Columns 18 through 34

   -0.2555   -0.4425   -0.6119   -0.7568   -0.8716   -0.9516   -0.9937   -0.9962   -0.9589   -0.8835   -0.7728   -0.6313   -0.4646   -0.2794   -0.0831    0.1165    0.3115
   -0.9668   -0.8968   -0.7910   -0.6536   -0.4903   -0.3073   -0.1122    0.0875    0.2837    0.4685    0.6347    0.7756    0.8855    0.9602    0.9965    0.9932    0.9502

  Columns 35 through 51

    0.4941    0.6570    0.7937    0.8987    0.9679    0.9985    0.9894    0.9407    0.8546    0.7344    0.5849    0.4121    0.2229    0.0248   -0.1743   -0.3665   -0.5440
    0.8694    0.7539    0.6084    0.4385    0.2513    0.0540   -0.1455   -0.3392   -0.5193   -0.6787   -0.8111   -0.9111   -0.9748   -0.9997   -0.9847   -0.9304   -0.8391

  Columns 52 through 61

   -0.6999   -0.8278   -0.9228   -0.9809   -1.0000   -0.9792   -0.9193   -0.8228   -0.6935   -0.5366
   -0.7143   -0.5610   -0.3853   -0.1943    0.0044    0.2030    0.3935    0.5683    0.7204    0.8439

size(M)

ans =

     2    61

M[:]
 M[:]
  
{Error: Invalid expression. When calling a function or indexing a variable, use parentheses. Otherwise, check for mismatched delimiters.
} 
M(1:2)

ans =

     0     1

M(1:2, :)

ans =

  Columns 1 through 17

         0    0.1987    0.3894    0.5646    0.7174    0.8415    0.9320    0.9854    0.9996    0.9738    0.9093    0.8085    0.6755    0.5155    0.3350    0.1411   -0.0584
    1.0000    0.9801    0.9211    0.8253    0.6967    0.5403    0.3624    0.1700   -0.0292   -0.2272   -0.4161   -0.5885   -0.7374   -0.8569   -0.9422   -0.9900   -0.9983

  Columns 18 through 34

   -0.2555   -0.4425   -0.6119   -0.7568   -0.8716   -0.9516   -0.9937   -0.9962   -0.9589   -0.8835   -0.7728   -0.6313   -0.4646   -0.2794   -0.0831    0.1165    0.3115
   -0.9668   -0.8968   -0.7910   -0.6536   -0.4903   -0.3073   -0.1122    0.0875    0.2837    0.4685    0.6347    0.7756    0.8855    0.9602    0.9965    0.9932    0.9502

  Columns 35 through 51

    0.4941    0.6570    0.7937    0.8987    0.9679    0.9985    0.9894    0.9407    0.8546    0.7344    0.5849    0.4121    0.2229    0.0248   -0.1743   -0.3665   -0.5440
    0.8694    0.7539    0.6084    0.4385    0.2513    0.0540   -0.1455   -0.3392   -0.5193   -0.6787   -0.8111   -0.9111   -0.9748   -0.9997   -0.9847   -0.9304   -0.8391

  Columns 52 through 61

   -0.6999   -0.8278   -0.9228   -0.9809   -1.0000   -0.9792   -0.9193   -0.8228   -0.6935   -0.5366
   -0.7143   -0.5610   -0.3853   -0.1943    0.0044    0.2030    0.3935    0.5683    0.7204    0.8439

M(1:2, 1:10)

ans =

         0    0.1987    0.3894    0.5646    0.7174    0.8415    0.9320    0.9854    0.9996    0.9738
    1.0000    0.9801    0.9211    0.8253    0.6967    0.5403    0.3624    0.1700   -0.0292   -0.2272

x = M(1, 1:10)'

x =

         0
    0.1987
    0.3894
    0.5646
    0.7174
    0.8415
    0.9320
    0.9854
    0.9996
    0.9738

y = M(2, 1:10)'

y =

    1.0000
    0.9801
    0.9211
    0.8253
    0.6967
    0.5403
    0.3624
    0.1700
   -0.0292
   -0.2272

M(:, 1:10)

ans =

         0    0.1987    0.3894    0.5646    0.7174    0.8415    0.9320    0.9854    0.9996    0.9738
    1.0000    0.9801    0.9211    0.8253    0.6967    0.5403    0.3624    0.1700   -0.0292   -0.2272

diary off
