theta = linspace(0, 2/pi, 100)

theta =

  Columns 1 through 11

         0    0.0064    0.0129    0.0193    0.0257    0.0322    0.0386    0.0450    0.0514    0.0579    0.0643

  Columns 12 through 22

    0.0707    0.0772    0.0836    0.0900    0.0965    0.1029    0.1093    0.1157    0.1222    0.1286    0.1350

  Columns 23 through 33

    0.1415    0.1479    0.1543    0.1608    0.1672    0.1736    0.1801    0.1865    0.1929    0.1993    0.2058

  Columns 34 through 44

    0.2122    0.2186    0.2251    0.2315    0.2379    0.2444    0.2508    0.2572    0.2637    0.2701    0.2765

  Columns 45 through 55

    0.2829    0.2894    0.2958    0.3022    0.3087    0.3151    0.3215    0.3280    0.3344    0.3408    0.3472

  Columns 56 through 66

    0.3537    0.3601    0.3665    0.3730    0.3794    0.3858    0.3923    0.3987    0.4051    0.4116    0.4180

  Columns 67 through 77

    0.4244    0.4308    0.4373    0.4437    0.4501    0.4566    0.4630    0.4694    0.4759    0.4823    0.4887

  Columns 78 through 88

    0.4951    0.5016    0.5080    0.5144    0.5209    0.5273    0.5337    0.5402    0.5466    0.5530    0.5595

  Columns 89 through 99

    0.5659    0.5723    0.5787    0.5852    0.5916    0.5980    0.6045    0.6109    0.6173    0.6238    0.6302

  Column 100

    0.6366

x = cos(theta);
y = sin(theta);
plot(x, y)
axis('equal');
plot(x,y)
xlabel('x')
ylabel('y')
x = linspace(0, 2*pi, 100)

x =

  Columns 1 through 11

         0    0.0635    0.1269    0.1904    0.2539    0.3173    0.3808    0.4443    0.5077    0.5712    0.6347

  Columns 12 through 22

    0.6981    0.7616    0.8251    0.8885    0.9520    1.0155    1.0789    1.1424    1.2059    1.2693    1.3328

  Columns 23 through 33

    1.3963    1.4597    1.5232    1.5867    1.6501    1.7136    1.7771    1.8405    1.9040    1.9675    2.0309

  Columns 34 through 44

    2.0944    2.1579    2.2213    2.2848    2.3483    2.4117    2.4752    2.5387    2.6021    2.6656    2.7291

  Columns 45 through 55

    2.7925    2.8560    2.9195    2.9829    3.0464    3.1099    3.1733    3.2368    3.3003    3.3637    3.4272

  Columns 56 through 66

    3.4907    3.5541    3.6176    3.6811    3.7445    3.8080    3.8715    3.9349    3.9984    4.0619    4.1253

  Columns 67 through 77

    4.1888    4.2523    4.3157    4.3792    4.4427    4.5061    4.5696    4.6331    4.6965    4.7600    4.8235

  Columns 78 through 88

    4.8869    4.9504    5.0139    5.0773    5.1408    5.2043    5.2677    5.3312    5.3947    5.4581    5.5216

  Columns 89 through 99

    5.5851    5.6485    5.7120    5.7755    5.8389    5.9024    5.9659    6.0293    6.0928    6.1563    6.2197

  Column 100

    6.2832

y = sin(x)

y =

  Columns 1 through 11

         0    0.0634    0.1266    0.1893    0.2511    0.3120    0.3717    0.4298    0.4862    0.5406    0.5929

  Columns 12 through 22

    0.6428    0.6901    0.7346    0.7761    0.8146    0.8497    0.8815    0.9096    0.9341    0.9549    0.9718

  Columns 23 through 33

    0.9848    0.9938    0.9989    0.9999    0.9969    0.9898    0.9788    0.9638    0.9450    0.9224    0.8960

  Columns 34 through 44

    0.8660    0.8326    0.7958    0.7557    0.7127    0.6668    0.6182    0.5671    0.5137    0.4582    0.4009

  Columns 45 through 55

    0.3420    0.2817    0.2203    0.1580    0.0951    0.0317   -0.0317   -0.0951   -0.1580   -0.2203   -0.2817

  Columns 56 through 66

   -0.3420   -0.4009   -0.4582   -0.5137   -0.5671   -0.6182   -0.6668   -0.7127   -0.7557   -0.7958   -0.8326

  Columns 67 through 77

   -0.8660   -0.8960   -0.9224   -0.9450   -0.9638   -0.9788   -0.9898   -0.9969   -0.9999   -0.9989   -0.9938

  Columns 78 through 88

   -0.9848   -0.9718   -0.9549   -0.9341   -0.9096   -0.8815   -0.8497   -0.8146   -0.7761   -0.7346   -0.6901

  Columns 89 through 99

   -0.6428   -0.5929   -0.5406   -0.4862   -0.4298   -0.3717   -0.3120   -0.2511   -0.1893   -0.1266   -0.0634

  Column 100

   -0.0000

plot(x, y, 'o')
axis('equal')
plot(x, y, x, y, 'o')
x10 = linspace(0, 4*pi, 10);
x50 = linspace(0, 4*pi, 50);
x100 = linspace(0, 4*pi, 100);
y = exp(-0.4*x10).*sin(x)
{Arrays have incompatible sizes for this operation.

<a href="matlab:helpview('matlab','error_sizeDimensionsMustMatch')" style="font-weight:bold">Related documentation</a>
} 
y = exp(-0.4*x10).*sin(x10)

y =

         0    0.5634    0.1119   -0.1621   -0.0688    0.0394    0.0304   -0.0069   -0.0113   -0.0000

y10 = exp(-0.4*x10).*sin(x10);
y50 = exp(-0.4*x50).*sin(x50);
y100 = exp(-0.4*x100).*sin(x100);
plot(x10, y10, x50, y50, 'o', x100, y100, 'x')
t = linspace(0, 20, 20)

t =

  Columns 1 through 11

         0    1.0526    2.1053    3.1579    4.2105    5.2632    6.3158    7.3684    8.4211    9.4737   10.5263

  Columns 12 through 20

   11.5789   12.6316   13.6842   14.7368   15.7895   16.8421   17.8947   18.9474   20.0000

t = linspace(0, 20, 21)

t =

  Columns 1 through 19

     0     1     2     3     4     5     6     7     8     9    10    11    12    13    14    15    16    17    18

  Columns 20 through 21

    19    20

x = cos(t); 
y = sin(t); 
z = t; 
plot3(x, y, z)
t = linspace(0, 20, 1000);
z = t;
plot3(x, y, z)
{Error using <a href="matlab:matlab.internal.language.introspective.errorDocCallback('plot3')" style="font-weight:bold">plot3</a>
Vectors must be the same length.
} 
x = cos(t);
y = sin(t);
z = t;
plot3(x, y, z)
x = 0:10:1000; 
y = x.^3

y =

   1.0e+09 *

  Columns 1 through 11

         0    0.0000    0.0000    0.0000    0.0001    0.0001    0.0002    0.0003    0.0005    0.0007    0.0010

  Columns 12 through 22

    0.0013    0.0017    0.0022    0.0027    0.0034    0.0041    0.0049    0.0058    0.0069    0.0080    0.0093

  Columns 23 through 33

    0.0106    0.0122    0.0138    0.0156    0.0176    0.0197    0.0220    0.0244    0.0270    0.0298    0.0328

  Columns 34 through 44

    0.0359    0.0393    0.0429    0.0467    0.0507    0.0549    0.0593    0.0640    0.0689    0.0741    0.0795

  Columns 45 through 55

    0.0852    0.0911    0.0973    0.1038    0.1106    0.1176    0.1250    0.1327    0.1406    0.1489    0.1575

  Columns 56 through 66

    0.1664    0.1756    0.1852    0.1951    0.2054    0.2160    0.2270    0.2383    0.2500    0.2621    0.2746

  Columns 67 through 77

    0.2875    0.3008    0.3144    0.3285    0.3430    0.3579    0.3732    0.3890    0.4052    0.4219    0.4390

  Columns 78 through 88

    0.4565    0.4746    0.4930    0.5120    0.5314    0.5514    0.5718    0.5927    0.6141    0.6361    0.6585

  Columns 89 through 99

    0.6815    0.7050    0.7290    0.7536    0.7787    0.8044    0.8306    0.8574    0.8847    0.9127    0.9412

  Columns 100 through 101

    0.9703    1.0000

semilogx(x, y)
x = linspace(0, pi, 1000)

x =

  Columns 1 through 11

         0    0.0031    0.0063    0.0094    0.0126    0.0157    0.0189    0.0220    0.0252    0.0283    0.0314

  Columns 12 through 22

    0.0346    0.0377    0.0409    0.0440    0.0472    0.0503    0.0535    0.0566    0.0598    0.0629    0.0660

  Columns 23 through 33

    0.0692    0.0723    0.0755    0.0786    0.0818    0.0849    0.0881    0.0912    0.0943    0.0975    0.1006

  Columns 34 through 44

    0.1038    0.1069    0.1101    0.1132    0.1164    0.1195    0.1226    0.1258    0.1289    0.1321    0.1352

  Columns 45 through 55

    0.1384    0.1415    0.1447    0.1478    0.1509    0.1541    0.1572    0.1604    0.1635    0.1667    0.1698

  Columns 56 through 66

    0.1730    0.1761    0.1793    0.1824    0.1855    0.1887    0.1918    0.1950    0.1981    0.2013    0.2044

  Columns 67 through 77

    0.2076    0.2107    0.2138    0.2170    0.2201    0.2233    0.2264    0.2296    0.2327    0.2359    0.2390

  Columns 78 through 88

    0.2421    0.2453    0.2484    0.2516    0.2547    0.2579    0.2610    0.2642    0.2673    0.2704    0.2736

  Columns 89 through 99

    0.2767    0.2799    0.2830    0.2862    0.2893    0.2925    0.2956    0.2988    0.3019    0.3050    0.3082

