f = @(x)x^3 - 3*x^2 + x * log(x - 1) + 100

f =

  <a href="matlab:helpPopup function_handle" style="font-weight:bold">function_handle</a> with value:

    @(x)x^3-3*x^2+x*log(x-1)+100

f(0)

ans =

   100

f(1)

ans =

  -Inf

values = [f(0), f(1), f(2), f(10)]

values =

  100.0000      -Inf   96.0000  821.9722

x = [0, 1, 2, 10]

x =

     0     1     2    10

f(x)
{Error using <a href="matlab:matlab.internal.language.introspective.errorDocCallback('mpower')" style="font-weight:bold"> ^ </a>
Incorrect dimensions for raising a matrix to a power. Check that the matrix is square and the power is a scalar. To
operate on each element of the matrix individually, use POWER (.^) for elementwise power.

Error in <a href="matlab:matlab.internal.language.introspective.errorDocCallback('@(x)x^3-3*x^2+x*log(x-1)+100')" style="font-weight:bold">@(x)x^3-3*x^2+x*log(x-1)+100</a>
} 
f = @(x)x.^3 - 3*x.^2 + x.*log(x - 1) + 100

f =

  <a href="matlab:helpPopup function_handle" style="font-weight:bold">function_handle</a> with value:

    @(x)x.^3-3*x.^2+x.*log(x-1)+100

f(x)

ans =

  100.0000      -Inf   96.0000  821.9722

x = linspace(-10, 10);
plot(x, f(x))
[Warning: Imaginary parts of complex X and/or Y arguments ignored.] 
f = @(mu, x) mu*x - x.^3l
 f = @(mu, x) mu*x - x.^3l
                         ↑
{Invalid expression. Check for missing multiplication operator, missing or unbalanced delimiters, or other syntax
error. To construct matrices, use brackets instead of parentheses.
} 
f = @(mu, x) mu*x - x.^3;
x = linspace(-5, 5)'

x =

   -5.0000
   -4.8990
   -4.7980
   -4.6970
   -4.5960
   -4.4949
   -4.3939
   -4.2929
   -4.1919
   -4.0909
   -3.9899
   -3.8889
   -3.7879
   -3.6869
   -3.5859
   -3.4848
   -3.3838
   -3.2828
   -3.1818
   -3.0808
   -2.9798
   -2.8788
   -2.7778
   -2.6768
   -2.5758
   -2.4747
   -2.3737
   -2.2727
   -2.1717
   -2.0707
   -1.9697
   -1.8687
   -1.7677
   -1.6667
   -1.5657
   -1.4646
   -1.3636
   -1.2626
   -1.1616
   -1.0606
   -0.9596
   -0.8586
   -0.7576
   -0.6566
   -0.5556
   -0.4545
   -0.3535
   -0.2525
   -0.1515
   -0.0505
    0.0505
    0.1515
    0.2525
    0.3535
    0.4545
    0.5556
    0.6566
    0.7576
    0.8586
    0.9596
    1.0606
    1.1616
    1.2626
    1.3636
    1.4646
    1.5657
    1.6667
    1.7677
    1.8687
    1.9697
    2.0707
    2.1717
    2.2727
    2.3737
    2.4747
    2.5758
    2.6768
    2.7778
    2.8788
    2.9798
    3.0808
    3.1818
    3.2828
    3.3838
    3.4848
    3.5859
    3.6869
    3.7879
    3.8889
    3.9899
    4.0909
    4.1919
    4.2929
    4.3939
    4.4949
    4.5960
    4.6970
    4.7980
    4.8990
    5.0000

f_many = [f(-5, x), f(0, x), f(5, x), f(45, x)];
plot(x, f_many), grid, xlabel('x')
ylabel('f(\mu,x) = \mu x - x^3')
g = @(a, x) a(4)*x^3 + a(3)*x^2 + a(2)*x + a(1);
a = [1, 2, -1, 0];
g(a, 5)

ans =

   -14

g = @(a, x) a(4)*x.^3 + a(3)*x.^2 + a(2)*x + a(1);
fplot(g, [-2, 2])
{Error using <a href="matlab:matlab.internal.language.introspective.errorDocCallback('fplot')" style="font-weight:bold">fplot</a>
Input must be a function or functions of a single variable.
} 
help fplot
 <strong>fplot</strong>   Plot 2-D function
    <strong>fplot</strong>(FUN) plots the function FUN between the limits of the current
    axes, with a default of [-5 5].
 
    <strong>fplot</strong>(FUN,LIMS) plots the function FUN between the x-axis limits
    specified by LIMS = [XMIN XMAX]. 
 
    <strong>fplot</strong>(...,'LineSpec') plots with the given line specification.
 
    <strong>fplot</strong>(X,Y,LIMS) plots the parameterized curve with coordinates
    X(T), Y(T) for T between the values specified by LIMS = [TMIN TMAX].
 
    H = <strong>fplot</strong>(...) returns a handle to the function line object created by <strong>fplot</strong>.
 
    <strong>fplot</strong>(AX,...) plots into the axes AX instead of the current axes.
 
    Examples:
        fplot(@sin)
        fplot(@(x) x.^2.*sin(1./x),[-1,1])
        fplot(@(x) sin(1./x), [0 0.1])
 
    If your function cannot be evaluated for multiple x values at once,
    you will get a warning and somewhat reduced speed:
        f = @(x,n) abs(exp(-1j*x*(0:n-1))*ones(n,1));
        fplot(@(x) f(x,10),[0 2*pi])
 
    See also <a href="matlab:help fplot3 -displayBanner">fplot3</a>, <a href="matlab:help fsurf -displayBanner">fsurf</a>, <a href="matlab:help fcontour -displayBanner">fcontour</a>, <a href="matlab:help fimplicit -displayBanner">fimplicit</a>, <a href="matlab:help plot -displayBanner">plot</a>, <a href="matlab:help function_handle -displayBanner">function_handle</a>.

    <a href="matlab:doc fplot">Documentation for fplot</a>

whos
  Name          Size            Bytes  Class              Attributes

  a             1x4                32  double                       
  ans           1x1                 8  double                       
  f             1x1                32  function_handle              
  f_many      100x4              3200  double                       
  g             1x1                32  function_handle              
  values        1x4                32  double                       
  x           100x1               800  double                       

a

a =

     1     2    -1     0

fplot(g, [-2, 2])
{Error using <a href="matlab:matlab.internal.language.introspective.errorDocCallback('fplot')" style="font-weight:bold">fplot</a>
Input must be a function or functions of a single variable.
} 
g = @(x) a(4)*x.^3 + a(3)*x.^2 + a(2)*x + a(1);
fplot(g, [-2, 2])
g_integral = quad(g, 0, 1)

g_integral =

    1.6667

g = @(x) x^2 - sin(x) + 1/x;
g(0)

ans =

   Inf

g(1)

ans =

    1.1585

g(pi/2)

ans =

    2.1040

g = @(x) x.^2 - sin(x) + 1./x;
x = [0, 1, pi/2, pi];
g(x)

ans =

       Inf    1.1585    2.1040   10.1879

x = linspace(-1, 1)

x =

  Columns 1 through 11

   -1.0000   -0.9798   -0.9596   -0.9394   -0.9192   -0.8990   -0.8788   -0.8586   -0.8384   -0.8182   -0.7980

  Columns 12 through 22

   -0.7778   -0.7576   -0.7374   -0.7172   -0.6970   -0.6768   -0.6566   -0.6364   -0.6162   -0.5960   -0.5758

  Columns 23 through 33

   -0.5556   -0.5354   -0.5152   -0.4949   -0.4747   -0.4545   -0.4343   -0.4141   -0.3939   -0.3737   -0.3535

  Columns 34 through 44

   -0.3333   -0.3131   -0.2929   -0.2727   -0.2525   -0.2323   -0.2121   -0.1919   -0.1717   -0.1515   -0.1313

  Columns 45 through 55

   -0.1111   -0.0909   -0.0707   -0.0505   -0.0303   -0.0101    0.0101    0.0303    0.0505    0.0707    0.0909

  Columns 56 through 66

    0.1111    0.1313    0.1515    0.1717    0.1919    0.2121    0.2323    0.2525    0.2727    0.2929    0.3131

  Columns 67 through 77

    0.3333    0.3535    0.3737    0.3939    0.4141    0.4343    0.4545    0.4747    0.4949    0.5152    0.5354

  Columns 78 through 88

    0.5556    0.5758    0.5960    0.6162    0.6364    0.6566    0.6768    0.6970    0.7172    0.7374    0.7576

  Columns 89 through 99

    0.7778    0.7980    0.8182    0.8384    0.8586    0.8788    0.8990    0.9192    0.9394    0.9596    0.9798

  Column 100

    1.0000

f(x)
{Not enough input arguments.

Error in <a href="matlab:matlab.internal.language.introspective.errorDocCallback('@(mu,x)mu*x-x.^3')" style="font-weight:bold">@(mu,x)mu*x-x.^3</a>
} 
g(x)

ans =

  Columns 1 through 11

    0.8415    0.7698    0.6977    0.6251    0.5521    0.4785    0.4043    0.3294    0.2537    0.1771    0.0996

  Columns 12 through 22

    0.0209   -0.0589   -0.1401   -0.2228   -0.3071   -0.3933   -0.4816   -0.5722   -0.6654   -0.7615   -0.8609

  Columns 23 through 33

   -0.9639   -1.0712   -1.1831   -1.3004   -1.4239   -1.5543   -1.6929   -1.8407   -1.9994   -2.1709   -2.3574

  Columns 34 through 44

   -2.5617   -2.7875   -3.0392   -3.3229   -3.6464   -4.0201   -4.4588   -4.9830   -5.6232   -6.4261   -7.4672

  Columns 45 through 55

   -8.8768  -10.9010  -14.0672  -19.7470  -32.9688  -98.9898   98.9900   32.9706   19.7521   14.0772   10.9175

